449
245
447
253
448
243
246
253
253
243
444
244
443
435
244
437
246
448
256
242
448
246
246
443
243
445
444
244
243
444
244
437
250
446
244
451
244
244
256
253
256
448
240
244
243
242
445
446
442
246
246
247
453
247
251
256
452
245
247
444
253
246
435
444
435
435
439
242
454
249
235
227
208
205
401
393
405
413
204
411
403
424
437
242
431
231
426
434
236
226
420
417
226
223
226
219
227
223
215
215
424
214
209
421
418
418
214
221
422
229
219
218
217
214
422
217
427
420
222
220
219
219
215
216
215
213
215
209
218
218
434
229
230
448
443
447
442
428
215
418
200
413
190
175
181
209
217
218
212
210
197
196
186
213
213
171
232
170
172
178
181
187
186
207
216
194
191
187
195
189
187
189
186
184
172
172
176
183
184
186
184
181
181
178
172
170
169
158
170
158
170
168
158
169
168
164
166
163
158
154
159
153
139
146
144
144
146
135
144
145
145
148
148
158
151
154
149
150
139
151
148
148
152
150
148
148
148
147
146
148
148
145
151
138
147
148
140
152
152
150
147
149
150
150
