143
146
147
356
373
376
398
116
111
169
137
443
165
175
454
440
485
491
487
485
477
475
464
464
426
125
396
390
383
240
382
386
389
402
397
111
393
102
97
349
349
91
100
380
101
380
381
386
108
382
384
109
390
109
396
394
402
416
415
398
116
393
113
358
369
368
222
105
398
399
398
395
393
99
357
344
332
144
134
151
146
148
141
130
344
345
355
372
394
394
385
384
382
332
334
155
141
130
138
134
136
135
139
140
149
141
148
318
132
140
324
141
146
141
160
329
141
336
147
339
341
147
330
148
140
148
143
139
158
144
142
142
146
129
145
136
129
153
320
137
325
149
334
334
332
330
137
148
136
133
135
140
141
142
136
138
139
132
139
140
135
140
144
141
143
134
143
143
143
145
135
145
143
135
135
152
148
150
