528
528
536
540
528
530
536
531
535
306
548
531
530
531
528
528
528
528
529
529
528
528
528
529
529
550
540
528
529
528
536
528
528
529
529
528
530
540
530
528
530
527
536
530
530
529
530
527
538
528
536
529
528
528
528
528
528
528
529
528
532
305
532
528
543
521
519
521
261
487
483
467
473
472
463
259
465
447
464
249
249
249
255
243
236
258
271
272
268
468
232
234
469
473
480
489
477
476
476
231
466
467
255
438
263
251
210
261
268
450
461
262
269
460
256
255
454
255
258
458
258
458
268
258
457
263
257
248
247
251
211
261
470
464
473
235
478
464
462
460
483
452
452
251
252
441
226
233
226
236
231
239
452
482
464
464
470
276
214
212
467
451
266
221
223
223
223
222
223
226
238
229
472
231
493
239
241
241
239
479
488
253
246
505
247
310
249
496
315
511
265
261
261
492
506
308
487
499
499
489
477
495
484
472
239
470
487
230
230
226
474
476
484
467
277
226
226
477
229
285
237
461
469
277
477
473
461
472
461
475
473
462
463
477
463
463
462
475
462
462
462
462
468
217
213
259
454
259
260
262
214
455
260
212
275
462
225
456
456
458
463
463
234
470
457
272
469
468
459
228
225
220
463
457
279
463
225
468
460
469
486
475
477
478
484
482
491
486
242
486
465
475
478
272
469
221
475
270
224
465
475
464
220
466
464
473
453
466
464
464
462
464
462
453
465
460
450
449
452
449
455
451
451
244
253
262
249
262
446
255
453
253
258
254
261
261
459
460
465
455
465
463
471
221
275
218
459
461
459
468
451
225
265
460
456
463
457
457
258
441
265
211
261
458
464
456
270
263
214
449
459
455
457
260
258
448
260
459
457
457
216
264
215
462
465
458
459
458
468
467
280
456
460
465
476
478
469
467
469
478
476
464
463
464
465
473
465
465
228
480
228
232
478
479
485
477
465
478
280
489
232
465
465
476
279
476
465
236
243
232
482
471
235
485
248
473
480
480
483
486
486
250
488
250
491
483
252
483
483
498
480
480
480
479
245
254
476
476
476
485
476
241
476
241
499
476
484
481
484
469
478
478
231
464
462
462
460
468
465
455
221
466
457
470
458
457
457
458
468
470
458
458
464
458
459
459
461
467
459
459
461
469
483
487
489
238
235
235
478
235
234
288
477
490
484
472
234
236
235
483
494
477
232
232
486
227
288
465
232
238
228
463
465
460
473
468
237
465
466
238
465
466
466
466
466
230
466
465
466
466
465
230
466
230
466
466
472
243
236
480
484
235
286
481
469
476
235
481
238
481
480
233
235
480
481
233
487
481
469
478
480
469
241
235
478
286
484
236
481
236
476
481
469
487
481
469
468
469
481
484
479
481
469
469
469
469
476
487
476
487
469
487
235
235
