290
325
326
334
366
323
96
374
426
136
139
146
142
437
181
167
177
507
221
252
248
564
289
586
302
305
299
295
299
315
609
328
325
307
302
572
286
286
287
280
265
252
525
529
249
250
256
257
265
262
264
268
566
566
276
269
251
241
241
253
261
280
284
278
295
601
332
339
619
335
344
338
345
344
627
334
309
312
299
305
331
369
647
399
399
405
665
409
407
405
393
392
388
636
313
306
282
286
330
623
340
361
347
346
346
353
351
290
287
565
264
237
525
549
555
261
227
244
260
253
544
256
253
253
257
245
542
257
253
544
260
253
557
570
292
299
295
575
292
296
295
319
329
616
620
629
368
348
327
606
615
321
313
590
291
556
266
257
249
229
509
223
514
234
231
231
241
242
239
292
310
605
335
344
349
346
347
655
388
391
391
394
407
414
385
371
362
631
329
302
293
271
276
272
274
313
324
615
360
343
628
625
628
351
642
356
637
345
329
559
569
564
561
550
235
170
170
175
471
175
190
192
206
212
245
260
258
305
302
336
359
369
390
396
411
677
678
423
417
399
396
400
408
410
432
427
680
438
445
686
443
433
441
447
437
440
439
686
687
448
448
679
431
672
670
398
660
364
340
330
318
300
288
296
286
282
272
275
279
318
326
337
637
364
352
353
322
315
625
338
346
364
361
375
656
388
389
669
409
373
364
354
339
631
640
361
351
631
634
649
649
649
338
330
326
328
635
653
657
609
333
315
311
301
310
606
314
630
641
352
636
635
636
618
617
305
301
286
272
290
294
307
627
624
327
302
278
269
308
599
321
641
644
356
644
332
332
336
611
313
607
607
616
618
279
568
264
251
244
240
227
518
240
276
574
280
283
288
600
311
598
287
280
272
557
556
295
296
284
281
277
567
283
271
273
265
269
260
296
296
300
304
609
654
651
368
648
361
603
321
614
583
321
616
609
590
590
590
277
551
255
524
520
526
535
534
243
529
504
206
499
493
489
454
500
486
194
192
195
197
202
207
209
210
503
217
217
549
552
276
578
290
291
288
292
285
569
288
286
287
569
276
574
276
277
254
554
268
549
289
281
564
272
559
284
575
566
565
270
559
257
250
250
253
257
258
262
275
284
310
323
348
357
361
382
380
369
366
373
394
385
380
378
366
360
346
319
298
273
274
267
264
241
233
519
212
217
225
213
209
211
219
217
211
515
222
531
266
278
264
575
307
319
317
316
316
316
370
652
662
671
