824
782
782
785
785
784
821
789
766
773
751
742
771
724
879
713
703
681
691
675
672
650
643
626
647
646
667
627
621
614
607
592
575
601
584
571
535
540
533
504
523
483
503
473
502
494
443
476
427
439
435
439
461
453
421
457
458
423
429
460
424
476
468
433
415
397
385
380
269
256
261
257
270
273
276
264
303
407
299
393
332
398
401
409
309
420
392
280
261
250
364
292
237
262
257
255
382
345
333
350
344
278
249
242
263
249
240
228
232
252
235
268
248
268
267
260
219
231
263
248
233
244
257
364
286
389
399
328
435
450
452
465
455
433
437
455
441
397
414
277
258
243
261
262
259
366
352
263
369
276
372
306
380
323
411
289
407
394
385
369
233
253
271
284
226
265
343
288
262
290
258
259
295
397
381
408
406
297
436
399
428
406
450
412
440
394
282
362
272
412
416
391
436
418
463
472
453
492
501
506
520
487
518
482
523
518
493
484
475
458
455
447
438
426
441
427
377
368
260
381
385
388
359
378
414
334
347
452
460
385
485
464
473
519
520
529
498
508
532
538
534
522
509
494
452
375
464
426
442
395
410
270
385
243
238
254
346
264
348
382
294
375
411
398
398
403
381
375
392
389
366
392
355
343
286
270
264
276
260
246
262
259
254
268
255
366
287
290
366
290
399
412
457
439
487
468
484
511
504
463
500
463
455
478
448
449
470
456
434
329
387
393
287
402
372
372
289
287
311
422
432
472
439
487
509
524
504
505
505
537
498
500
526
487
514
484
462
480
466
463
454
407
410
429
285
300
389
367
372
273
237
230
262
271
353
367
280
322
402
414
458
467
421
353
355
458
465
467
338
423
418
434
341
467
459
432
428
421
413
403
391
309
391
282
366
229
269
268
257
235
244
281
264
274
381
388
388
390
314
452
433
445
461
485
439
468
378
430
351
471
441
472
480
381
463
464
472
477
381
473
478
445
456
485
501
463
497
463
462
495
402
402
388
441
479
377
437
468
480
490
464
496
504
509
509
503
463
443
470
468
430
465
435
333
429
403
402
374
358
261
270
279
390
388
407
454
434
441
459
503
494
529
487
515
498
487
380
441
373
433
462
460
466
422
436
295
381
385
390
422
384
407
271
291
376
378
355
366
283
417
435
444
459
461
421
352
429
460
462
432
462
435
475
389
451
482
486
449
455
458
494
488
489
462
454
462
452
459
459
450
452
449
359
359
389
391
483
453
460
456
476
483
493
532
493
491
503
458
481
456
448
412
429
426
331
427
426
431
399
405
385
335
431
424
412
280
355
246
333
334
263
271
329
229
242
346
238
268
356
390
395
276
374
368
377
390
311
450
356
344
473
395
461
506
522
528
538
526
508
500
497
487
477
462
455
449
449
406
398
410
385
410
409
272
303
398
274
410
375
372
382
293
407
375
423
397
409
423
431
450
448
435
419
411
417
278
349
358
254
352
357
369
381
389
433
416
427
474
456
472
510
492
494
491
530
