660
192
660
660
101
101
101
660
101
660
660
660
193
103
660
92
92
194
98
103
195
103
98
660
192
103
101
661
193
189
193
101
191
101
661
191
660
661
660
661
661
660
661
660
99
660
660
103
191
192
191
190
660
660
192
102
98
190
190
100
660
191
660
660
660
660
194
660
193
660
102
101
660
101
660
101
101
101
660
661
192
660
101
661
661
660
192
101
193
100
100
193
100
193
660
190
193
97
660
189
190
96
660
96
190
98
98
190
190
190
190
98
190
190
190
98
191
676
202
201
109
674
105
197
94
101
91
96
91
102
196
96
113
112
111
109
111
113
206
123
123
128
121
123
130
134
228
137
136
133
132
124
124
218
124
217
124
123
209
207
208
206
201
110
199
105
666
194
665
665
660
659
94
94
179
638
91
549
174
675
675
175
544
675
526
521
658
496
654
484
645
640
635
548
549
546
527
531
521
512
583
570
577
564
546
307
538
550
537
536
536
544
307
537
536
543
537
559
302
543
530
297
298
530
540
302
537
541
536
533
534
537
540
538
540
540
540
540
546
544
545
562
545
544
544
552
568
333
554
552
324
554
315
568
554
550
545
555
557
373
543
554
550
540
543
544
541
541
540
548
540
540
545
542
540
540
540
559
308
549
539
540
538
540
539
550
541
537
537
537
538
537
537
537
537
535
537
537
536
539
540
540
542
542
540
309
540
548
308
465
546
551
537
537
550
405
540
541
560
543
539
551
540
467
552
467
