143
336
338
340
337
133
127
145
139
151
128
136
136
136
144
146
148
147
144
130
146
132
140
135
164
128
138
151
131
132
127
119
120
131
131
131
128
128
121
131
122
115
119
122
123
127
131
130
132
156
130
124
123
126
138
129
138
148
145
152
339
86
96
343
98
382
117
137
141
154
164
495
210
213
226
229
231
241
284
291
295
301
597
324
353
646
399
665
665
397
391
409
376
388
393
667
670
670
670
661
395
644
345
628
623
319
606
616
305
606
586
574
574
284
562
558
552
558
560
268
559
558
558
558
268
558
558
558
569
569
546
523
238
226
523
516
536
535
544
545
559
545
547
256
560
548
563
563
584
280
279
281
585
276
615
601
319
312
601
300
307
610
594
560
609
316
618
314
598
564
305
308
306
329
332
625
372
655
374
654
380
387
659
387
661
662
392
647
355
648
363
649
380
661
662
661
