745
772
735
732
745
770
729
874
871
716
866
726
682
681
659
646
645
626
653
615
646
638
629
626
619
643
635
592
608
607
579
610
605
561
566
563
561
556
580
550
573
535
524
504
487
464
497
477
431
426
434
393
291
277
259
248
241
342
255
273
254
390
355
344
271
266
275
232
224
236
202
197
182
210
199
203
165
163
175
168
152
163
155
152
150
145
868
145
866
879
878
166
875
135
719
879
869
201
226
195
558
610
624
588
579
575
598
585
578
542
547
560
521
558
537
547
556
568
547
537
532
510
504
491
481
487
499
491
493
495
500
496
495
494
509
526
538
551
563
570
592
601
603
617
615
615
615
615
615
638
609
630
589
580
570
561
552
537
529
515
509
502
506
504
495
503
502
501
506
498
490
476
470
447
446
455
414
405
390
380
272
346
345
252
267
367
386
400
322
450
438
447
462
473
489
504
545
530
571
577
560
560
562
565
564
563
592
591
586
584
554
555
557
548
545
546
541
564
535
561
536
532
532
528
532
532
532
534
529
532
534
560
530
559
512
504
516
513
515
511
508
508
534
539
513
509
539
516
515
514
514
523
523
519
517
525
523
525
555
530
559
540
533
569
546
571
537
525
515
506
500
484
484
478
482
480
485
489
498
