548
536
301
536
542
536
536
536
532
536
536
533
537
534
544
544
549
549
548
555
301
536
542
536
536
303
305
541
542
536
303
536
548
535
535
534
546
305
326
565
573
575
584
600
534
534
533
489
503
499
517
518
523
484
476
495
663
666
670
532
670
535
670
519
667
665
663
520
662
511
490
497
489
652
498
655
496
506
657
506
657
512
666
525
515
74
676
553
89
91
651
90
654
97
100
108
108
104
103
102
675
118
695
120
120
105
692
692
123
697
695
696
117
108
682
110
681
683
683
682
684
102
695
90
516
695
692
691
475
553
683
679
535
525
670
667
663
662
663
659
658
655
652
483
651
652
650
649
650
647
483
484
476
483
477
523
642
473
515
522
513
500
522
550
549
546
544
537
543
508
536
536
514
484
520
536
536
536
521
510
533
513
533
517
534
623
479
531
529
532
476
533
517
480
470
535
479
532
532
529
486
537
536
482
546
536
490
514
528
538
489
498
496
527
500
554
506
508
506
514
508
457
515
515
508
504
468
638
639
513
509
473
552
474
510
467
473
466
467
508
523
467
522
519
519
515
505
512
500
508
553
549
551
488
529
540
542
529
539
546
537
545
538
472
534
534
530
531
517
515
531
533
530
530
489
530
527
530
527
523
480
526
483
529
527
527
489
519
530
540
491
544
545
545
496
529
545
529
500
495
542
545
546
496
502
498
550
488
549
549
550
549
534
501
551
505
509
504
504
513
511
471
526
471
473
481
474
483
471
472
472
481
482
484
477
480
645
644
534
480
522
517
640
517
639
501
508
556
507
513
493
553
551
550
547
