768
764
757
770
744
742
745
701
684
690
706
686
764
757
752
751
627
619
616
622
613
709
701
558
556
548
519
594
594
589
527
586
535
596
603
579
583
578
582
713
721
613
612
613
628
617
615
611
611
613
703
614
604
600
595
635
764
778
736
119
146
333
150
150
151
142
135
143
135
147
123
136
136
141
154
318
335
347
347
348
348
103
364
366
379
121
386
121
390
115
404
139
448
178
463
483
207
514
257
562
568
269
327
339
353
356
634
398
319
664
334
664
440
437
439
456
460
255
458
475
478
296
706
502
515
309
516
717
319
524
535
516
531
328
329
529
543
349
352
703
489
564
571
368
561
560
367
569
560
561
567
367
741
371
550
550
547
352
554
560
565
563
557
538
546
541
541
325
530
517
523
526
518
717
526
512
502
431
501
501
502
501
435
427
441
444
454
254
254
473
484
499
505
515
505
713
517
713
713
511
703
599
478
472
689
460
461
463
439
684
470
689
698
485
465
477
450
465
697
697
701
698
695
476
685
677
671
671
664
662
658
362
314
617
310
630
636
640
638
620
346
293
581
581
609
610
624
611
610
609
317
586
295
562
548
552
554
553
267
280
266
261
256
260
263
274
575
342
631
351
636
353
353
353
353
634
367
396
412
660
450
439
445
451
454
449
470
