868
873
855
869
840
832
846
858
811
843
835
805
792
775
767
781
772
786
759
876
868
740
714
709
702
695
684
670
662
647
618
658
650
644
638
662
659
622
656
623
623
656
652
612
601
627
582
578
578
578
613
612
604
558
580
538
531
516
533
525
504
470
494
463
454
500
473
469
488
445
467
479
485
462
453
469
483
465
471
455
445
432
426
405
395
283
369
255
392
262
252
243
296
372
348
249
261
365
403
263
390
369
260
250
259
371
382
423
404
453
429
444
312
450
430
477
485
497
480
495
507
519
523
541
583
576
613
587
603
611
623
656
663
631
669
639
676
641
670
633
667
666
633
666
665
664
664
655
620
610
635
618
605
594
551
585
552
589
578
567
549
547
547
542
501
535
533
497
532
525
494
495
494
495
535
495
531
492
529
526
510
506
544
505
537
506
536
506
508
523
507
512
534
541
538
535
528
535
522
519
516
519
476
508
502
504
494
464
473
508
510
511
521
518
526
530
543
506
547
509
503
539
541
542
510
537
540
510
536
536
495
523
492
519
480
504
466
469
481
474
482
504
472
482
460
470
483
477
475
483
511
519
489
539
537
540
524
506
521
517
549
513
551
558
517
522
522
515
513
519
546
513
515
519
523
525
525
526
551
562
560
527
521
519
552
531
522
552
549
550
556
546
548
548
519
513
546
514
516
544
502
508
537
514
503
533
528
529
526
526
497
524
525
534
534
498
536
532
537
507
543
503
537
537
538
534
540
534
538
537
536
538
536
506
534
541
504
529
535
538
534
537
531
531
541
534
528
529
519
508
476
500
372
483
474
477
471
465
466
429
465
465
462
477
